1-54μ

Quare, 5551 15 (1515115 15555555115ΙΙΙ 551115 5511511115
5111155 5155115111 1515 5515115 51 111-151515 55 131511511ἰὶ 55111,
[11155511] 511115515511155] 11] 5111115111115 5511151115] 151 5511511-
15115 1511155155] 511 15555115111155 5511111155 5511511555 5111111
11151111 5551551515 1111555155, 51 111 55151115, 11111111 1155115155555
555151551151111, 111 511551 Ρ15Ῑ15111555 55151155 511 5511551
5155511111 imaginem 15 511115515511151] 555515 1515555155,
apographa AFDV [15515115 15115515 15 151155 111-15511115
1511111155] 5511515155 15511155511115 5511151511] adiumentum
1115511515 5555551555551 551.

5151151351 igitur 5511555111 ’151111 115 1551555551515 551,
51, ubi 1155551111 15 15 511115515511155 1111151155 55111515 Ν,
5111115 51511155] 5511515155] 511 1515115115 5515115 555555115111115111
5555515151155111 ipae Luflianuffl 1555115155 515151, 1111151551
55111555] 1151 551551551 55151551 1151 55155151155] 55555555
integra 5115555 &mag-raphiae 5555155515 555555515515
551115555151. 11515115 511 5115111155 apographorum 51 Η 51
ΑΕΒᾞ 11555111] 1555115551151, 115515 155111 1115155 5151151351
genua 55111155111. q

Eia 1151111155 in 111515, 5111115 1515511551511111111 Enripmra
prsspter 551551515 551115515 5551151515 1555115511151515 11111
55111 quidquam 55551115515 11551, 5111515115 1555511551515155]
5111111155] 1155511511] 511155 15555515511551 55 1511111115 5
1515111155 grammati-1315 5115511111115, 55 155511111151111155, 511
151551155111115 5111115111 5551111551 1111115 15555 55115115 11551515
5155513151 111-5551115551551 5515115511] 5511515155] 1111555 1511
5151111115515 511 indagare, 5555155 5551. Qua 15 15 51 1111111
55511Ε5111, 51 aliquid 5551151155] 511 11555 55151155, 11555155]
11511 1111155111ΙΙ 155111555115, 5511151115 hia mihi 155111 1011151115
511111151515 meorum: 5155515551551 1155111155] [1115511115 111-11
111515 ’11111155 parvulum 151151551155 erga 115511515551 Ρ15Ῑ151-
115555 151551115ῒὶ5 151153515115 5551155111ῑὶ 515511111551.

&md——

